-matrix  "s001-A 6blb-A  U(1,.)  -0.991620 -0.122385  0.041362           -3.676489"
-matrix  "s001-A 6blb-A  U(2,.)  -0.113560  0.978430  0.172565            0.760532"
-matrix  "s001-A 6blb-A  U(3,.)  -0.061589  0.166422 -0.984129            2.533559"
-matrix  "s001-A 1hqc-A  U(1,.)   0.776379 -0.630264 -0.001561          -26.614725"
-matrix  "s001-A 1hqc-A  U(2,.)  -0.505474 -0.624133  0.595780          -19.022953"
-matrix  "s001-A 1hqc-A  U(3,.)  -0.376473 -0.461762 -0.803146          215.580826"
-matrix  "s001-A 1ixs-B  U(1,.)   0.700193  0.631142 -0.333751          -52.568035"
-matrix  "s001-A 1ixs-B  U(2,.)   0.600274 -0.773501 -0.203389           45.245018"
-matrix  "s001-A 1ixs-B  U(3,.)  -0.386524 -0.057931 -0.920458           49.309338"
-matrix  "s001-A 1hqc-B  U(1,.)   0.575844 -0.816272 -0.045870           11.527134"
-matrix  "s001-A 1hqc-B  U(2,.)   0.680849  0.509858 -0.525823          -34.712410"
-matrix  "s001-A 1hqc-B  U(3,.)   0.452601  0.271561  0.849356         -174.536804"
-matrix  "s001-A 1in5-A  U(1,.)   0.940958  0.333719 -0.056833          -86.208748"
-matrix  "s001-A 1in5-A  U(2,.)   0.337991 -0.916736  0.212970          -22.796732"
-matrix  "s001-A 1in5-A  U(3,.)   0.018972 -0.219605 -0.975405          -24.106707"
-matrix  "s001-A 1in8-A  U(1,.)   0.938846  0.340088 -0.053926          -85.924248"
-matrix  "s001-A 1in8-A  U(2,.)   0.343660 -0.915626  0.208633          -23.193544"
-matrix  "s001-A 1in8-A  U(3,.)   0.021577 -0.214406 -0.976506          -24.412138"
-matrix  "s001-A 1in6-A  U(1,.)   0.938831  0.340601 -0.050872          -85.700386"
-matrix  "s001-A 1in6-A  U(2,.)   0.343529 -0.915861  0.207815          -23.210279"
-matrix  "s001-A 1in6-A  U(3,.)   0.024190 -0.212579 -0.976844          -24.502537"
-matrix  "s001-A 1j7k-A  U(1,.)   0.941617  0.332390 -0.053615          -85.961258"
-matrix  "s001-A 1j7k-A  U(2,.)   0.335978 -0.917320  0.213642          -22.360510"
-matrix  "s001-A 1j7k-A  U(3,.)   0.021830 -0.219182 -0.975440          -24.406298"
-matrix  "s001-A 1in7-A  U(1,.)   0.938783  0.340071 -0.055113          -85.823265"
-matrix  "s001-A 1in7-A  U(2,.)   0.343903 -0.915591  0.208384          -23.228872"
-matrix  "s001-A 1in7-A  U(3,.)   0.020404 -0.214581 -0.976493          -24.317719"
-matrix  "s001-A 1in4-A  U(1,.)   0.938798  0.339895 -0.055950          -86.045425"
-matrix  "s001-A 1in4-A  U(2,.)   0.343823 -0.914653  0.212594          -23.185980"
-matrix  "s001-A 1in4-A  U(3,.)   0.021085 -0.218819 -0.975538          -24.623447"
-matrix  "s001-A 3pfi-A  U(1,.)  -0.873690 -0.464391 -0.144937           23.658670"
-matrix  "s001-A 3pfi-A  U(2,.)   0.465458 -0.711332 -0.526646           82.683105"
-matrix  "s001-A 3pfi-A  U(3,.)   0.141472 -0.527587  0.837638         -119.500656"
-matrix  "s001-A 1ixr-C  U(1,.)   0.101931 -0.474606  0.874276          -45.648544"
-matrix  "s001-A 1ixr-C  U(2,.)  -0.120617  0.866473  0.484433          -75.375793"
-matrix  "s001-A 1ixr-C  U(3,.)  -0.987452 -0.154832  0.031074           42.333195"
-matrix  "s001-A 3pfi-B  U(1,.)   0.075867 -0.980695 -0.180225           27.400469"
-matrix  "s001-A 3pfi-B  U(2,.)   0.860627  0.155682 -0.484855           71.232635"
-matrix  "s001-A 3pfi-B  U(3,.)   0.503552 -0.118322  0.855824         -123.293365"
-matrix  "s001-A 3gli-B  U(1,.)   0.319805 -0.946457 -0.044092           -5.947496"
-matrix  "s001-A 3gli-B  U(2,.)   0.700270  0.267454 -0.661884            5.648691"
-matrix  "s001-A 3gli-B  U(3,.)   0.638237  0.180797  0.748309          -59.207642"
-matrix  "s001-A 3glg-B  U(1,.)   0.333608 -0.942712 -0.000548           -9.291813"
-matrix  "s001-A 3glg-B  U(2,.)   0.687064  0.243537 -0.684568            7.348097"
-matrix  "s001-A 3glg-B  U(3,.)   0.645484  0.228000  0.728949          -59.866104"
-matrix  "s001-A 3glf-B  U(1,.)   0.324578 -0.945590 -0.022552           -7.549571"
-matrix  "s001-A 3glf-B  U(2,.)   0.692675  0.253865 -0.675095            5.694339"
-matrix  "s001-A 3glf-B  U(3,.)   0.644088  0.203500  0.737386          -58.949661"
-matrix  "s001-A 3glf-H  U(1,.)   0.959794  0.279552  0.025423          -12.535456"
-matrix  "s001-A 3glf-H  U(2,.)   0.234968 -0.849657  0.472095            2.602104"
-matrix  "s001-A 3glf-H  U(3,.)   0.153577 -0.447140 -0.881181          -42.076393"
-matrix  "s001-A 3glf-G  U(1,.)   0.772861 -0.634190 -0.022116          -23.002174"
-matrix  "s001-A 3glf-G  U(2,.)  -0.469270 -0.594647  0.652825           30.135162"
-matrix  "s001-A 3glf-G  U(3,.)  -0.427167 -0.494165 -0.757185          -31.027580"
-matrix  "s001-A 1njf-A  U(1,.)  -0.211341 -0.109915 -0.971213           12.675566"
-matrix  "s001-A 1njf-A  U(2,.)  -0.973992  0.106736  0.199866            1.549745"
-matrix  "s001-A 1njf-A  U(3,.)   0.081695  0.988193 -0.129615           -9.152384"
-matrix  "s001-A 3glg-C  U(1,.)  -0.572694 -0.819751  0.005420           24.669044"
-matrix  "s001-A 3glg-C  U(2,.)   0.712927 -0.501306 -0.490334           -3.846435"
-matrix  "s001-A 3glg-C  U(3,.)   0.404669 -0.276947  0.871518          -53.137905"
-matrix  "s001-A 3gli-C  U(1,.)  -0.584046 -0.810690 -0.040879           27.179579"
-matrix  "s001-A 3gli-C  U(2,.)   0.718396 -0.492797 -0.490977           -3.394903"
-matrix  "s001-A 3gli-C  U(3,.)   0.377885 -0.316121  0.870213          -50.894520"
-matrix  "s001-A 3glg-G  U(1,.)   0.780516 -0.625131 -0.002567          -22.119471"
-matrix  "s001-A 3glg-G  U(2,.)  -0.468166 -0.587246  0.660275           30.559275"
-matrix  "s001-A 3glg-G  U(3,.)  -0.414266 -0.514153 -0.751019          -30.343611"
-matrix  "s001-A 3gli-H  U(1,.)   0.950893  0.299058  0.079788           -9.776033"
-matrix  "s001-A 3gli-H  U(2,.)   0.225125 -0.845155  0.484801            3.752308"
-matrix  "s001-A 3gli-H  U(3,.)   0.212417 -0.443032 -0.870977          -41.089035"
-matrix  "s001-A 3glg-D  U(1,.)  -0.971372  0.059737 -0.229932           47.407822"
-matrix  "s001-A 3glg-D  U(2,.)   0.059108 -0.876660 -0.477466           19.325405"
-matrix  "s001-A 3glg-D  U(3,.)  -0.230094 -0.477388  0.848031          -19.471323"
-matrix  "s001-A 3glf-D  U(1,.)  -0.965542  0.060111 -0.253210           48.355324"
-matrix  "s001-A 3glf-D  U(2,.)   0.066576 -0.883534 -0.463612           17.953613"
-matrix  "s001-A 3glf-D  U(3,.)  -0.251588 -0.464495  0.849087          -17.620625"
-matrix  "s001-A 3glf-I  U(1,.)   0.243436  0.930043  0.275242           18.428167"
-matrix  "s001-A 3glf-I  U(2,.)   0.797486 -0.353448  0.488969           -3.250884"
-matrix  "s001-A 3glf-I  U(3,.)   0.552046  0.100469 -0.827739          -31.801750"
-matrix  "s001-A 3glf-C  U(1,.)  -0.590755 -0.806131 -0.034073           27.628155"
-matrix  "s001-A 3glf-C  U(2,.)   0.707484 -0.497237 -0.502217           -3.284835"
-matrix  "s001-A 3glf-C  U(3,.)   0.387910 -0.320793  0.864070          -50.153137"
-matrix  "s001-A 3gli-D  U(1,.)  -0.963275  0.064537 -0.260646           47.766022"
-matrix  "s001-A 3gli-D  U(2,.)   0.069789 -0.877154 -0.475110           18.931223"
-matrix  "s001-A 3gli-D  U(3,.)  -0.259289 -0.475852  0.840437          -17.667200"
-matrix  "s001-A 3glg-H  U(1,.)   0.946660  0.298201  0.122114           -8.213367"
-matrix  "s001-A 3glg-H  U(2,.)   0.204695 -0.849174  0.486829            2.862928"
-matrix  "s001-A 3glg-H  U(3,.)   0.248869 -0.435866 -0.864919          -39.667778"
-matrix  "s001-A 3glg-I  U(1,.)   0.246749  0.935344  0.253468           17.336227"
-matrix  "s001-A 3glg-I  U(2,.)   0.794684 -0.344990  0.499459           -2.229133"
-matrix  "s001-A 3glg-I  U(3,.)   0.554610  0.078186 -0.828429          -32.974792"
-matrix  "s001-A 7tib-B  U(1,.)  -0.642318 -0.425969 -0.637165          216.267944"
-matrix  "s001-A 7tib-B  U(2,.)  -0.568398 -0.292940  0.768837            7.960071"
-matrix  "s001-A 7tib-B  U(3,.)  -0.514151  0.856001 -0.053959          -24.312233"
-matrix  "s001-A 3gli-I  U(1,.)   0.233247  0.931010  0.280742           18.145090"
-matrix  "s001-A 3gli-I  U(2,.)   0.791018 -0.349575  0.502083           -2.225662"
-matrix  "s001-A 3gli-I  U(3,.)   0.565585  0.104962 -0.817983          -31.303596"
-matrix  "s001-A 6vvo-B  U(1,.)  -0.598222 -0.742971  0.300207          129.862854"
-matrix  "s001-A 6vvo-B  U(2,.)  -0.496442  0.637703  0.588966          -98.308350"
-matrix  "s001-A 6vvo-B  U(3,.)  -0.629028  0.203297 -0.750330          158.107132"
-matrix  "s001-A 7ti8-B  U(1,.)  -0.630969 -0.436820 -0.641144          216.603241"
-matrix  "s001-A 7ti8-B  U(2,.)  -0.579917 -0.283395  0.763795            9.126023"
-matrix  "s001-A 7ti8-B  U(3,.)  -0.515338  0.853742 -0.074506          -20.659609"
-matrix  "s001-A 1njf-D  U(1,.)  -0.355857 -0.062950 -0.932418           25.772621"
-matrix  "s001-A 1njf-D  U(2,.)  -0.930885  0.112042  0.347707           25.941225"
-matrix  "s001-A 1njf-D  U(3,.)   0.082582  0.991708 -0.098470          -41.467182"
-matrix  "s001-A 2chg-B  U(1,.)   0.755961  0.241765 -0.608337          -11.684302"
-matrix  "s001-A 2chg-B  U(2,.)  -0.567547  0.705152 -0.425031          -11.827079"
-matrix  "s001-A 2chg-B  U(3,.)   0.326212  0.666566  0.670280           27.980165"
-matrix  "s001-A 2chv-D  U(1,.)   0.231456  0.812500 -0.535044          -29.530169"
-matrix  "s001-A 2chv-D  U(2,.)   0.729208 -0.508945 -0.457417          -10.926049"
-matrix  "s001-A 2chv-D  U(3,.)  -0.643959 -0.284286 -0.710280           48.425125"
-matrix  "s001-A 7stb-B  U(1,.)  -0.298373 -0.338777 -0.892302          242.638199"
-matrix  "s001-A 7stb-B  U(2,.)   0.814437  0.397091 -0.423098         -128.316360"
-matrix  "s001-A 7stb-B  U(3,.)   0.497661 -0.852965  0.157431           40.641396"
-matrix  "s001-A 1njf-C  U(1,.)   0.315309 -0.191391  0.929489          -49.862690"
-matrix  "s001-A 1njf-C  U(2,.)   0.947547  0.117473 -0.297246          -24.006882"
-matrix  "s001-A 1njf-C  U(3,.)  -0.052300  0.974459  0.218393          -44.032719"
-matrix  "s001-A 2chv-F  U(1,.)  -0.116174  0.093743  0.988795           -4.745799"
-matrix  "s001-A 2chv-F  U(2,.)   0.636519  0.771259  0.001665          -51.369835"
-matrix  "s001-A 2chv-F  U(3,.)  -0.762461  0.629580 -0.149269           21.001415"
-matrix  "s001-A 1sxj-B  U(1,.)   0.229470 -0.219744 -0.948186           34.677353"
-matrix  "s001-A 1sxj-B  U(2,.)  -0.972944 -0.078701 -0.217223           29.254623"
-matrix  "s001-A 1sxj-B  U(3,.)  -0.026890  0.972378 -0.231858          -33.760227"
-matrix  "s001-A 2chg-A  U(1,.)  -0.449828  0.282539  0.847246          -63.763367"
-matrix  "s001-A 2chg-A  U(2,.)   0.718258  0.678256  0.155159           18.887573"
-matrix  "s001-A 2chg-A  U(3,.)  -0.530811  0.678337 -0.508034           28.488983"
-matrix  "s001-A 2chq-A  U(1,.)  -0.259090  0.147697 -0.954494           57.106308"
-matrix  "s001-A 2chq-A  U(2,.)   0.704433  0.705004 -0.082122          -72.466362"
-matrix  "s001-A 2chq-A  U(3,.)   0.660793 -0.693653 -0.286702           -8.703654"
-matrix  "s001-A 2chg-C  U(1,.)   0.746017 -0.052867  0.663825          -31.202686"
-matrix  "s001-A 2chg-C  U(2,.)  -0.588138 -0.519849  0.619557          -37.151897"
-matrix  "s001-A 2chg-C  U(3,.)   0.312335 -0.852621 -0.418909           35.843517"
-matrix  "s001-A 2chv-C  U(1,.)   0.384080 -0.073853 -0.920342           -7.547849"
-matrix  "s001-A 2chv-C  U(2,.)   0.501717 -0.820093  0.275186            6.639938"
-matrix  "s001-A 2chv-C  U(3,.)  -0.775089 -0.567445 -0.277928           63.544788"
-matrix  "s001-A 7st9-B  U(1,.)  -0.331574 -0.352459 -0.875118          247.922974"
-matrix  "s001-A 7st9-B  U(2,.)   0.806669  0.375098 -0.456712         -117.319199"
-matrix  "s001-A 7st9-B  U(3,.)   0.489228 -0.857365  0.159945           42.148994"
-matrix  "s001-A 7ste-B  U(1,.)   0.368167  0.386501 -0.845618           12.666060"
-matrix  "s001-A 7ste-B  U(2,.)  -0.904171  0.360743 -0.228778          141.108612"
-matrix  "s001-A 7ste-B  U(3,.)   0.216628  0.848812  0.482276         -251.565338"
-matrix  "s001-A 1xxi-D  U(1,.)   0.008141 -0.847884  0.530120           23.995998"
-matrix  "s001-A 1xxi-D  U(2,.)   0.806083 -0.308153 -0.505245            8.329286"
-matrix  "s001-A 1xxi-D  U(3,.)   0.591747  0.431434  0.680956          -77.087128"
-matrix  "s001-A 2chg-D  U(1,.)  -0.437084 -0.003085 -0.899415          -38.073437"
-matrix  "s001-A 2chg-D  U(2,.)   0.722627 -0.596591 -0.349126           17.275793"
-matrix  "s001-A 2chg-D  U(3,.)  -0.535506 -0.802539  0.262990            9.915559"
-matrix  "s001-A 1njf-B  U(1,.)   0.291020 -0.170400  0.941420          -44.587475"
-matrix  "s001-A 1njf-B  U(2,.)   0.953520  0.132034 -0.270862            9.898369"
-matrix  "s001-A 1njf-B  U(3,.)  -0.078144  0.976489  0.200905          -17.849892"
-matrix  "s001-A 7tid-C  U(1,.)   0.212661 -0.565642 -0.796759          143.436127"
-matrix  "s001-A 7tid-C  U(2,.)  -0.859140 -0.496667  0.123287          148.713364"
-matrix  "s001-A 7tid-C  U(3,.)  -0.465460  0.658309 -0.591587           65.899872"
-matrix  "s001-A 7tib-C  U(1,.)   0.203621 -0.568596 -0.797017          144.799286"
-matrix  "s001-A 7tib-C  U(2,.)  -0.848980 -0.507995  0.145510          145.669296"
-matrix  "s001-A 7tib-C  U(3,.)  -0.487618  0.647023 -0.586166           69.091698"
-matrix  "s001-A 7stb-C  U(1,.)  -0.944016  0.083395 -0.319184          184.573166"
-matrix  "s001-A 7stb-C  U(2,.)   0.326244  0.092393 -0.940759           76.730812"
-matrix  "s001-A 7stb-C  U(3,.)  -0.048965 -0.992224 -0.114427          197.631195"
-matrix  "s001-A 7thv-B  U(1,.)  -0.911955 -0.269455 -0.309406          185.952774"
-matrix  "s001-A 7thv-B  U(2,.)  -0.210462 -0.340120  0.916528          -52.977688"
-matrix  "s001-A 7thv-B  U(3,.)  -0.352198  0.900951  0.253464          -92.778755"
-matrix  "s001-A 7tic-B  U(1,.)  -0.913397 -0.251953 -0.319728          185.328217"
-matrix  "s001-A 7tic-B  U(2,.)  -0.234760 -0.315629  0.919384          -53.360886"
-matrix  "s001-A 7tic-B  U(3,.)  -0.332557  0.914821  0.229146          -93.881516"
-matrix  "s001-A 1xxi-G  U(1,.)   0.498699 -0.631702  0.593508          -93.702370"
-matrix  "s001-A 1xxi-G  U(2,.)   0.551120 -0.297405 -0.779626           54.666103"
-matrix  "s001-A 1xxi-G  U(3,.)   0.669004  0.715893  0.199828          -72.156204"
-matrix  "s001-A 1xxi-I  U(1,.)  -0.885895  0.334778  0.321113           28.459791"
-matrix  "s001-A 1xxi-I  U(2,.)  -0.302272 -0.941687  0.147844           18.105278"
-matrix  "s001-A 1xxi-I  U(3,.)   0.351883  0.033911  0.935430         -126.424225"
-matrix  "s001-A 1xxh-D  U(1,.)   0.012461 -0.838321  0.545035           22.326727"
-matrix  "s001-A 1xxh-D  U(2,.)   0.807038 -0.313390 -0.500477            9.371589"
-matrix  "s001-A 1xxh-D  U(3,.)   0.590369  0.446100  0.672651          -77.484131"
-matrix  "s001-A 1xxh-I  U(1,.)  -0.877673  0.339546  0.338227           25.632156"
-matrix  "s001-A 1xxh-I  U(2,.)  -0.307204 -0.940260  0.146757           19.420757"
-matrix  "s001-A 1xxh-I  U(3,.)   0.367852  0.024900  0.929551         -127.706284"
-matrix  "s001-A 3pvs-D  U(1,.)   0.430743  0.065178  0.900118           21.211058"
-matrix  "s001-A 3pvs-D  U(2,.)   0.661145  0.656102 -0.363893           37.545135"
-matrix  "s001-A 3pvs-D  U(3,.)  -0.614286  0.751853  0.239520           33.113148"
-matrix  "s001-A 3pvs-B  U(1,.)  -0.310734  0.905353  0.289449          -14.057906"
-matrix  "s001-A 3pvs-B  U(2,.)   0.949028  0.278591  0.147422           62.343132"
-matrix  "s001-A 3pvs-B  U(3,.)   0.052831  0.320504 -0.945773            7.622130"
-matrix  "s001-A 1xxh-G  U(1,.)   0.498573 -0.625757  0.599877          -94.566925"
-matrix  "s001-A 1xxh-G  U(2,.)   0.552882 -0.303439 -0.776045           53.953484"
-matrix  "s001-A 1xxh-G  U(3,.)   0.667642  0.718577  0.194684          -72.138428"
-matrix  "s001-A 7tku-B  U(1,.)  -0.746683 -0.392110 -0.537321          214.145508"
-matrix  "s001-A 7tku-B  U(2,.)  -0.508851 -0.183542  0.841061          -22.280632"
-matrix  "s001-A 7tku-B  U(3,.)  -0.428410  0.901422 -0.062478          -37.841709"
-matrix  "s001-A 1jr3-B  U(1,.)  -0.134725 -0.033696 -0.990310          184.336639"
-matrix  "s001-A 1jr3-B  U(2,.)   0.571983 -0.818743 -0.049956           88.048714"
-matrix  "s001-A 1jr3-B  U(3,.)  -0.809126 -0.573171  0.129578          112.263535"
-matrix  "s001-A 1njg-A  U(1,.)  -0.526358  0.823216  0.212750          -57.066967"
-matrix  "s001-A 1njg-A  U(2,.)   0.341683 -0.024334  0.939500          -55.136189"
-matrix  "s001-A 1njg-A  U(3,.)   0.778589  0.567207 -0.268470          -36.068920"
-matrix  "s001-A 1njg-B  U(1,.)   0.522056 -0.816229  0.247443            0.059818"
-matrix  "s001-A 1njg-B  U(2,.)  -0.325007  0.077850  0.942502          -11.406021"
-matrix  "s001-A 1njg-B  U(3,.)  -0.788561 -0.572459 -0.224638           69.200943"
-matrix  "s001-A 1xxh-B  U(1,.)   0.918512  0.395360 -0.005129          -56.895954"
-matrix  "s001-A 1xxh-B  U(2,.)  -0.257055  0.587240 -0.767510           22.345041"
-matrix  "s001-A 1xxh-B  U(3,.)  -0.300431  0.706286  0.641016          -39.732479"
-matrix  "s001-A 3pvs-C  U(1,.)   0.240305  0.569050 -0.786407          -38.493031"
-matrix  "s001-A 3pvs-C  U(2,.)   0.557121  0.582574  0.591797           70.164268"
-matrix  "s001-A 3pvs-C  U(3,.)   0.794903 -0.580335 -0.177034           49.126995"
-matrix  "s001-A 7sh2-B  U(1,.)   0.581101 -0.115764 -0.805556           56.567829"
-matrix  "s001-A 7sh2-B  U(2,.)  -0.731368  0.359878 -0.579301          155.747925"
-matrix  "s001-A 7sh2-B  U(3,.)   0.356964  0.925790  0.124459         -225.820038"
-matrix  "s001-A 7sgz-C  U(1,.)   0.541064 -0.814160 -0.210699           78.092186"
-matrix  "s001-A 7sgz-C  U(2,.)  -0.167370  0.141280 -0.975719          159.616653"
-matrix  "s001-A 7sgz-C  U(3,.)   0.824159  0.563191 -0.059825         -207.398041"
-matrix  "s001-A 7sh2-C  U(1,.)   0.533146 -0.817083 -0.219388           80.951042"
-matrix  "s001-A 7sh2-C  U(2,.)  -0.180805  0.143283 -0.973026          160.895706"
-matrix  "s001-A 7sh2-C  U(3,.)   0.826478  0.558431 -0.071342         -205.016174"
-matrix  "s001-A 1sxj-E  U(1,.)  -0.656052  0.242041  0.714851          -32.792454"
-matrix  "s001-A 1sxj-E  U(2,.)   0.187693 -0.865096  0.465167           11.572546"
-matrix  "s001-A 1sxj-E  U(3,.)   0.731004  0.439346  0.522118          -32.884071"
-matrix  "s001-A 1jr3-C  U(1,.)  -0.246367 -0.891056  0.381212           76.885895"
-matrix  "s001-A 1jr3-C  U(2,.)   0.440247  0.247522  0.863085         -202.020081"
-matrix  "s001-A 1jr3-C  U(3,.)  -0.863415  0.380463  0.331303          -40.188877"
-matrix  "s001-A 3glh-B  U(1,.)  -0.470678  0.273376 -0.838885           44.332012"
-matrix  "s001-A 3glh-B  U(2,.)  -0.549928 -0.834408  0.036634           20.951427"
-matrix  "s001-A 3glh-B  U(3,.)  -0.689958  0.478569  0.543074          -30.546654"
-matrix  "s001-A 3glh-I  U(1,.)  -0.351780  0.130231  0.926979          -33.974556"
-matrix  "s001-A 3glh-I  U(2,.)   0.896356 -0.238564  0.373674          -46.828529"
-matrix  "s001-A 3glh-I  U(3,.)   0.269808  0.962355 -0.032812         -101.235863"
-matrix  "s001-A 3glh-D  U(1,.)   0.821607  0.549051  0.153310          -17.602308"
-matrix  "s001-A 3glh-D  U(2,.)   0.333651 -0.245105 -0.910275           58.791779"
-matrix  "s001-A 3glh-D  U(3,.)  -0.462210  0.799041 -0.384571            7.019459"
-matrix  "s001-A 7ste-D  U(1,.)  -0.371278 -0.803595  0.465175          105.284042"
-matrix  "s001-A 7ste-D  U(2,.)  -0.094263 -0.465776 -0.879868          228.451309"
-matrix  "s001-A 7ste-D  U(3,.)   0.923725 -0.370524  0.097183          -93.778160"
-matrix  "s001-A 2chv-E  U(1,.)   0.045579  0.859910  0.508407          -30.581854"
-matrix  "s001-A 2chv-E  U(2,.)   0.731006  0.318158 -0.603660          -34.265278"
-matrix  "s001-A 2chv-E  U(3,.)  -0.680847  0.399163 -0.614098           32.074123"
-matrix  "s001-A 7ste-E  U(1,.)  -0.565773 -0.090377  0.819593          -30.108706"
-matrix  "s001-A 7ste-E  U(2,.)  -0.317228 -0.893613 -0.317524          230.836975"
-matrix  "s001-A 7ste-E  U(3,.)   0.761096 -0.439645  0.476912         -126.911652"
-matrix  "s001-A 3pvs-A  U(1,.)   0.962099 -0.208424 -0.175857           -2.248550"
-matrix  "s001-A 3pvs-A  U(2,.)   0.229469  0.967181  0.109111           43.834415"
-matrix  "s001-A 3pvs-A  U(3,.)   0.147345 -0.145330  0.978350           74.663849"
-matrix  "s001-A 3glh-N  U(1,.)   0.912456  0.094294  0.398162         -124.460770"
-matrix  "s001-A 3glh-N  U(2,.)   0.242389  0.659408 -0.711638           64.298927"
-matrix  "s001-A 3glh-N  U(3,.)  -0.329654  0.745848  0.578825          -81.243813"
-matrix  "s001-A 7stb-D  U(1,.)  -0.781637  0.481229  0.396816          -20.698660"
-matrix  "s001-A 7stb-D  U(2,.)  -0.356569  0.177240 -0.917303          160.930817"
-matrix  "s001-A 7stb-D  U(3,.)  -0.511764 -0.858490  0.033054          226.407593"
-matrix  "s001-A 6k0r-A  U(1,.)  -0.052873 -0.998168  0.029424          -43.388805"
-matrix  "s001-A 6k0r-A  U(2,.)   0.712864 -0.058362 -0.698869           60.378468"
-matrix  "s001-A 6k0r-A  U(3,.)   0.699306 -0.015976  0.714644          -49.925209"
-matrix  "s001-A 7tid-E  U(1,.)   0.841702  0.161691  0.515163         -193.046082"
-matrix  "s001-A 7tid-E  U(2,.)   0.404562 -0.820732 -0.403396           91.334778"
-matrix  "s001-A 7tid-E  U(3,.)   0.357585  0.547955 -0.756226           -0.947647"
-matrix  "s001-A 7ti8-E  U(1,.)   0.840984  0.171448  0.513178         -193.406647"
-matrix  "s001-A 7ti8-E  U(2,.)   0.423110 -0.799551 -0.426259           90.632179"
-matrix  "s001-A 7ti8-E  U(3,.)   0.337231  0.575607 -0.744951           -3.255351"
-matrix  "s001-A 3glh-G  U(1,.)   0.846976  0.520757 -0.106978          -91.228073"
-matrix  "s001-A 3glh-G  U(2,.)   0.217364 -0.522851 -0.824245           83.387398"
-matrix  "s001-A 3glh-G  U(3,.)  -0.485165  0.674862 -0.556036            3.101524"
-matrix  "s001-A 6k0r-L  U(1,.)   0.050122 -0.998539  0.020184          -46.087017"
-matrix  "s001-A 6k0r-L  U(2,.)  -0.969280 -0.043761  0.242035          -77.288506"
-matrix  "s001-A 6k0r-L  U(3,.)  -0.240798 -0.031696 -0.970057           19.210783"
-matrix  "s001-A 6vvo-E  U(1,.)   0.354014  0.915649 -0.190423         -148.440353"
-matrix  "s001-A 6vvo-E  U(2,.)   0.843637 -0.224768  0.487602         -157.661835"
-matrix  "s001-A 6vvo-E  U(3,.)   0.403671 -0.333265 -0.852047          120.463165"
-matrix  "s001-A 7thv-C  U(1,.)   0.184193 -0.610312 -0.770450          146.900894"
-matrix  "s001-A 7thv-C  U(2,.)  -0.744684 -0.598252  0.295872          124.564507"
-matrix  "s001-A 7thv-C  U(3,.)  -0.641497  0.519244 -0.564683          109.184769"
-matrix  "s001-A 7st9-E  U(1,.)   0.106192  0.496298  0.861633         -232.794586"
-matrix  "s001-A 7st9-E  U(2,.)  -0.816896  0.537596 -0.208976           65.726303"
-matrix  "s001-A 7st9-E  U(3,.)  -0.566925 -0.681673  0.462513          141.299133"
-matrix  "s001-A 3d8b-B  U(1,.)  -0.567148  0.548995 -0.613960          -54.907852"
-matrix  "s001-A 3d8b-B  U(2,.)   0.020199 -0.735949 -0.676735           14.682781"
-matrix  "s001-A 3d8b-B  U(3,.)  -0.823368 -0.396211  0.406303          -19.344278"
-matrix  "s001-A 7aho-B  U(1,.)   0.030614 -0.309174 -0.950513          181.498535"
-matrix  "s001-A 7aho-B  U(2,.)  -0.495788  0.821030 -0.283026          -19.995789"
-matrix  "s001-A 7aho-B  U(3,.)   0.867904  0.479918 -0.128150         -155.611572"
-matrix  "s001-A 7tib-E  U(1,.)   0.844073  0.158894  0.512145         -192.362915"
-matrix  "s001-A 7tib-E  U(2,.)   0.406820 -0.811971 -0.418569           92.435509"
-matrix  "s001-A 7tib-E  U(3,.)   0.349339  0.561654 -0.750005           -2.327783"
-matrix  "s001-A 2ce7-C  U(1,.)   0.296866 -0.598628 -0.743986           91.299469"
-matrix  "s001-A 2ce7-C  U(2,.)  -0.606293 -0.720084  0.337472           89.984787"
-matrix  "s001-A 2ce7-C  U(3,.)  -0.737753  0.350890 -0.576713           57.229057"
-matrix  "s001-A 3glh-C  U(1,.)   0.324199  0.290948 -0.900136           34.961803"
-matrix  "s001-A 3glh-C  U(2,.)  -0.536207 -0.727389 -0.428236           29.501410"
-matrix  "s001-A 3glh-C  U(3,.)  -0.779344  0.621493 -0.079811            0.278508"
-matrix  "s001-A 1sxj-C  U(1,.)   0.698052 -0.715879 -0.015512           18.164927"
-matrix  "s001-A 1sxj-C  U(2,.)  -0.460304 -0.432036 -0.775542           52.773148"
-matrix  "s001-A 1sxj-C  U(3,.)   0.548493  0.548508 -0.631106           -2.818933"
-matrix  "s001-A 1iy2-A  U(1,.)  -0.833684  0.523449  0.175988           -4.182636"
-matrix  "s001-A 1iy2-A  U(2,.)   0.355351  0.264543  0.896517          -57.370907"
-matrix  "s001-A 1iy2-A  U(3,.)   0.422725  0.809949 -0.406554          -39.066086"
-matrix  "s001-A 7st9-D  U(1,.)  -0.801363  0.433567  0.412113          -11.726026"
-matrix  "s001-A 7st9-D  U(2,.)  -0.378538  0.165887 -0.910599          165.851013"
-matrix  "s001-A 7st9-D  U(3,.)  -0.463170 -0.885721  0.031185          222.571884"
-matrix  "s001-A 6k0r-G  U(1,.)  -0.798417 -0.556820 -0.229088          -70.882935"
-matrix  "s001-A 6k0r-G  U(2,.)  -0.600487  0.708519  0.370697          -21.161537"
-matrix  "s001-A 6k0r-G  U(3,.)  -0.044098  0.433535 -0.900057           51.302132"
-matrix  "s001-A 4ww0-A  U(1,.)   0.454501 -0.856596  0.244278           -4.049904"
-matrix  "s001-A 4ww0-A  U(2,.)  -0.842867 -0.324882  0.428982          -22.798286"
-matrix  "s001-A 4ww0-A  U(3,.)  -0.288103 -0.400867 -0.869657           17.880728"
-matrix  "s001-A 2cea-C  U(1,.)   0.289742 -0.606626 -0.740307           92.301506"
-matrix  "s001-A 2cea-C  U(2,.)  -0.615564 -0.710397  0.341198           89.143440"
-matrix  "s001-A 2cea-C  U(3,.)  -0.732892  0.356847 -0.579249           56.351620"
-matrix  "s001-A 4lcb-A  U(1,.)  -0.797580 -0.593677  0.106834           -1.474232"
-matrix  "s001-A 4lcb-A  U(2,.)  -0.557616  0.793185  0.244791           -8.588009"
-matrix  "s001-A 4lcb-A  U(3,.)  -0.230066  0.135668 -0.963672            9.494752"
-matrix  "s001-A 6vvo-C  U(1,.)   0.511735 -0.796972  0.320876           -8.720428"
-matrix  "s001-A 6vvo-C  U(2,.)  -0.631302 -0.095488  0.769636          -15.735627"
-matrix  "s001-A 6vvo-C  U(3,.)  -0.582739 -0.596420 -0.551995          239.112793"
-matrix  "s001-A 2xsz-B  U(1,.)   0.857366  0.443546 -0.261132          -56.733067"
-matrix  "s001-A 2xsz-B  U(2,.)  -0.513514  0.771642 -0.375330          -11.131630"
-matrix  "s001-A 2xsz-B  U(3,.)   0.035024  0.455890  0.889347          -44.746651"
-matrix  "s001-A 2xsz-A  U(1,.)  -0.066146 -0.997764 -0.009557           54.685837"
-matrix  "s001-A 2xsz-A  U(2,.)   0.713718 -0.040618 -0.699255          -17.272913"
-matrix  "s001-A 2xsz-A  U(3,.)   0.697303 -0.053074  0.714809          -44.677589"
-matrix  "s001-A 4ww0-B  U(1,.)  -0.953493 -0.177110  0.243891           -0.695028"
-matrix  "s001-A 4ww0-B  U(2,.)  -0.163492  0.983678  0.075157          -10.480501"
-matrix  "s001-A 4ww0-B  U(3,.)  -0.253222  0.031788 -0.966886           32.101887"
-matrix  "s001-A 7aho-A  U(1,.)   0.065363 -0.667856  0.741415          -18.980581"
-matrix  "s001-A 7aho-A  U(2,.)  -0.508646 -0.661528 -0.551053          237.244232"
-matrix  "s001-A 7aho-A  U(3,.)   0.858491 -0.341099 -0.382941            2.798834"
-matrix  "s001-A 4ww0-C  U(1,.)  -0.447967 -0.617151  0.646877          -27.206873"
-matrix  "s001-A 4ww0-C  U(2,.)  -0.678386  0.705908  0.203682          -19.576727"
-matrix  "s001-A 4ww0-C  U(3,.)  -0.582339 -0.347590 -0.734890           32.029419"
-matrix  "s001-A 3uk6-E  U(1,.)  -0.029168 -0.965909  0.257234          -19.183132"
-matrix  "s001-A 3uk6-E  U(2,.)   0.859081 -0.155784 -0.487556           51.092400"
-matrix  "s001-A 3uk6-E  U(3,.)   0.511008  0.206764  0.834338          -60.651276"
-matrix  "s001-A 7thv-E  U(1,.)   0.676382  0.256888  0.690302         -215.895004"
-matrix  "s001-A 7thv-E  U(2,.)   0.596903 -0.740261 -0.309387           39.671497"
-matrix  "s001-A 7thv-E  U(3,.)   0.431526  0.621306 -0.654037          -26.154001"
-matrix  "s001-A 3gli-G  U(1,.)   0.791900 -0.607698  0.059976          -18.764486"
-matrix  "s001-A 3gli-G  U(2,.)  -0.497867 -0.585650  0.639643           29.324978"
-matrix  "s001-A 3gli-G  U(3,.)  -0.353585 -0.536393 -0.766329          -30.711632"
-matrix  "s001-A 6qi8-D  U(1,.)  -0.591193  0.797928  0.117479          -46.939323"
-matrix  "s001-A 6qi8-D  U(2,.)   0.718848  0.455253  0.525360         -248.025986"
-matrix  "s001-A 6qi8-D  U(3,.)   0.365717  0.395038 -0.842731           25.861536"
-matrix  "s001-A 1sxj-D  U(1,.)   0.361758 -0.395673  0.844141          -23.744648"
-matrix  "s001-A 1sxj-D  U(2,.)   0.168493 -0.862806 -0.476630           46.701000"
-matrix  "s001-A 1sxj-D  U(3,.)   0.916919  0.314656 -0.245459           -9.569548"
-matrix  "s001-A 3u61-C  U(1,.)   0.377044 -0.672855  0.636478          -17.312159"
-matrix  "s001-A 3u61-C  U(2,.)  -0.380774  0.513827  0.768761          -31.295927"
-matrix  "s001-A 3u61-C  U(3,.)  -0.844304 -0.532211 -0.062470           -2.509576"
-matrix  "s001-A 3u5z-N  U(1,.)  -0.406752  0.712650 -0.571562          -40.959671"
-matrix  "s001-A 3u5z-N  U(2,.)   0.761380  0.610200  0.218991           27.293663"
-matrix  "s001-A 3u5z-N  U(3,.)   0.504831 -0.346101 -0.790797           49.099365"
-matrix  "s001-A 3u5z-D  U(1,.)   0.414576 -0.295142  0.860824          -60.889183"
-matrix  "s001-A 3u5z-D  U(2,.)  -0.759209  0.409359  0.505991          -24.256033"
-matrix  "s001-A 3u5z-D  U(3,.)  -0.501725 -0.863317 -0.054364          -32.499969"
-matrix  "s001-A 6fo1-B  U(1,.)   0.746000  0.663147  0.060999         -251.792175"
-matrix  "s001-A 6fo1-B  U(2,.)   0.546496 -0.661961  0.512982          -88.326508"
-matrix  "s001-A 6fo1-B  U(3,.)   0.380561 -0.349348 -0.856230          171.911484"
-matrix  "s001-A 7p6x-B  U(1,.)  -0.002166  0.957091  0.289781         -237.622971"
-matrix  "s001-A 7p6x-B  U(2,.)  -0.582311 -0.236789  0.777718           -9.162930"
-matrix  "s001-A 7p6x-B  U(3,.)   0.812963 -0.167058  0.557837         -203.646713"
-matrix  "s001-A 7p6x-C  U(1,.)  -0.062970 -0.727885  0.682801           22.241302"
-matrix  "s001-A 7p6x-C  U(2,.)  -0.435687 -0.595474 -0.674972          309.819611"
-matrix  "s001-A 7p6x-C  U(3,.)   0.897893 -0.339991 -0.279633          -26.498796"
-matrix  "s001-A 1xxh-C  U(1,.)   0.972343 -0.230347  0.038589          -40.885494"
-matrix  "s001-A 1xxh-C  U(2,.)   0.160961  0.541181 -0.825357           -6.748334"
-matrix  "s001-A 1xxh-C  U(3,.)   0.169234  0.808742  0.563290          -70.024300"
-matrix  "s001-A 7stb-E  U(1,.)   0.115063  0.505809  0.854937         -234.822083"
-matrix  "s001-A 7stb-E  U(2,.)  -0.803490  0.553453 -0.219302           61.871342"
-matrix  "s001-A 7stb-E  U(3,.)  -0.584092 -0.661700  0.470095          139.789536"
-matrix  "s001-A 2ce7-A  U(1,.)   0.646258  0.755730 -0.105937         -107.287170"
-matrix  "s001-A 2ce7-A  U(2,.)   0.366005 -0.428768 -0.825953           68.471176"
-matrix  "s001-A 2ce7-A  U(3,.)  -0.669620  0.495005 -0.553696           -5.500223"
-matrix  "s001-A 2xsz-C  U(1,.)  -0.806988  0.552885  0.207576            2.922301"
-matrix  "s001-A 2xsz-C  U(2,.)  -0.588714 -0.725304 -0.356860           69.795135"
-matrix  "s001-A 2xsz-C  U(3,.)  -0.046747 -0.410185  0.910804            3.231281"
-matrix  "s001-A 7ti8-D  U(1,.)   0.861494 -0.378967 -0.337953          -22.276855"
-matrix  "s001-A 7ti8-D  U(2,.)  -0.492007 -0.787545 -0.371082          195.311783"
-matrix  "s001-A 7ti8-D  U(3,.)  -0.125525  0.485960 -0.864920           78.981743"
-matrix  "s001-A 7tic-C  U(1,.)   0.137782 -0.516427 -0.845174          152.774200"
-matrix  "s001-A 7tic-C  U(2,.)  -0.800567 -0.560500  0.211973          140.455261"
-matrix  "s001-A 7tic-C  U(3,.)  -0.583188  0.647412 -0.490661           73.169212"
-matrix  "s001-A 7ste-C  U(1,.)   0.351044 -0.780319 -0.517562          146.516876"
-matrix  "s001-A 7ste-C  U(2,.)  -0.491173  0.317132 -0.811280          167.949829"
-matrix  "s001-A 7ste-C  U(3,.)   0.797193  0.539007 -0.271945         -166.425873"
-matrix  "s001-A 3u60-D  U(1,.)  -0.855504 -0.389881  0.340742          -11.237429"
-matrix  "s001-A 3u60-D  U(2,.)   0.452900 -0.882406  0.127442          -41.458363"
-matrix  "s001-A 3u60-D  U(3,.)   0.250985  0.263349  0.931479          -15.642105"
-matrix  "s001-A 3u5z-C  U(1,.)  -0.501741 -0.279628  0.818575          -66.091949"
-matrix  "s001-A 3u5z-C  U(2,.)  -0.611649  0.783841 -0.107144           33.778381"
-matrix  "s001-A 3u5z-C  U(3,.)  -0.611672 -0.554438 -0.564319            5.836101"
-matrix  "s001-A 7tku-E  U(1,.)   0.908316  0.096843  0.406920         -181.005234"
-matrix  "s001-A 7tku-E  U(2,.)   0.283340 -0.858092 -0.428248          115.358047"
-matrix  "s001-A 7tku-E  U(3,.)   0.307702  0.504281 -0.806858           17.814445"
-matrix  "s001-A 3u60-B  U(1,.)   0.776294 -0.513466  0.365679          -35.605953"
-matrix  "s001-A 3u60-B  U(2,.)   0.357713 -0.118832 -0.926240           21.393877"
-matrix  "s001-A 3u60-B  U(3,.)   0.519047  0.849842  0.091425           11.184011"
-matrix  "s001-A 5eqt-A  U(1,.)  -0.384029  0.830092  0.404313          -46.193253"
-matrix  "s001-A 5eqt-A  U(2,.)  -0.169507  0.367065 -0.914621           25.823978"
-matrix  "s001-A 5eqt-A  U(3,.)  -0.907628 -0.419775 -0.000257          -21.384005"
-matrix  "s001-A 6fo1-C  U(1,.)   0.195888 -0.980267  0.026557          127.807320"
-matrix  "s001-A 6fo1-C  U(2,.)  -0.860273 -0.158784  0.484477           70.754128"
-matrix  "s001-A 6fo1-C  U(3,.)  -0.470700 -0.117750 -0.874401          279.593811"
-matrix  "s001-A 6k0r-B  U(1,.)  -0.802527  0.551712  0.227080           -6.685991"
-matrix  "s001-A 6k0r-B  U(2,.)  -0.594817 -0.710348 -0.376296           -7.462331"
-matrix  "s001-A 6k0r-B  U(3,.)  -0.046301 -0.437058  0.898241          -90.172188"
-matrix  "s001-A 4d82-A  U(1,.)  -0.986530 -0.140741  0.083368           19.884480"
-matrix  "s001-A 4d82-A  U(2,.)  -0.123709  0.975357  0.182687         -175.480057"
-matrix  "s001-A 4d82-A  U(3,.)  -0.107025  0.169913 -0.979630          -22.207108"
-matrix  "s001-A 3uk6-F  U(1,.)   0.867777 -0.483723  0.113908            4.646954"
-matrix  "s001-A 3uk6-F  U(2,.)   0.416193  0.582149 -0.698488           58.810951"
-matrix  "s001-A 3uk6-F  U(3,.)   0.271563  0.653540  0.706498          -56.561611"
-matrix  "s001-A 7tic-E  U(1,.)   0.640393  0.215337  0.737243         -212.583588"
-matrix  "s001-A 7tic-E  U(2,.)   0.596097 -0.744643 -0.300291           41.628895"
-matrix  "s001-A 7tic-E  U(3,.)   0.484319  0.631772 -0.605226          -41.895920"
-matrix  "s001-A 3glh-H  U(1,.)   0.782258  0.254075  0.568787         -106.994278"
-matrix  "s001-A 3glh-H  U(2,.)   0.621036 -0.389666 -0.680055           22.609383"
-matrix  "s001-A 3glh-H  U(3,.)   0.048852  0.885216 -0.462609          -53.880844"
-matrix  "s001-A 2ce7-F  U(1,.)  -0.249103  0.570494 -0.782614           42.067917"
-matrix  "s001-A 2ce7-F  U(2,.)   0.553744  0.746867  0.368181         -126.929039"
-matrix  "s001-A 2ce7-F  U(3,.)   0.794553 -0.341653 -0.501954          -17.386969"
-matrix  "s001-A 2ce7-E  U(1,.)   0.675125  0.715900  0.178025         -119.420425"
-matrix  "s001-A 2ce7-E  U(2,.)  -0.508084  0.276279  0.815794          -18.450577"
-matrix  "s001-A 2ce7-E  U(3,.)   0.534843 -0.641215  0.550260          -70.619629"
-matrix  "s001-A 2cea-E  U(1,.)   0.688169  0.702236  0.182447         -120.844261"
-matrix  "s001-A 2cea-E  U(2,.)  -0.505215  0.283308  0.815165          -18.585686"
-matrix  "s001-A 2cea-E  U(3,.)   0.520750 -0.653147  0.549744          -69.139267"
-matrix  "s001-A 7swl-E  U(1,.)   0.770450 -0.482368  0.416807         -125.952484"
-matrix  "s001-A 7swl-E  U(2,.)   0.514950  0.856325  0.039157         -252.510864"
-matrix  "s001-A 7swl-E  U(3,.)  -0.375811  0.184466  0.908151          -89.705215"
-matrix  "s001-A 1jr3-A  U(1,.)   0.062323 -0.968092 -0.242721          161.333099"
-matrix  "s001-A 1jr3-A  U(2,.)   0.479065 -0.184330  0.858207         -160.765015"
-matrix  "s001-A 1jr3-A  U(3,.)  -0.875564 -0.169765  0.452291           11.932345"
-matrix  "s001-A 3u61-D  U(1,.)   0.926347 -0.373885 -0.045722           10.190598"
-matrix  "s001-A 3u61-D  U(2,.)   0.023382 -0.064071  0.997671          -37.716137"
-matrix  "s001-A 3u61-D  U(3,.)  -0.375944 -0.925259 -0.050610            6.658788"
-matrix  "s001-A 7tku-D  U(1,.)   0.779586 -0.476840 -0.406041            8.175584"
-matrix  "s001-A 7tku-D  U(2,.)  -0.601597 -0.750414 -0.273789          193.485413"
-matrix  "s001-A 7tku-D  U(3,.)  -0.174145  0.457715 -0.871878           91.109520"
-matrix  "s001-A 3u5z-M  U(1,.)   0.509120  0.684653 -0.521582           16.723610"
-matrix  "s001-A 3u5z-M  U(2,.)   0.582934  0.171558  0.794201           28.709621"
-matrix  "s001-A 3u5z-M  U(3,.)   0.633233 -0.708392 -0.311764           59.553604"
-matrix  "s001-A 6fo1-A  U(1,.)  -0.945024  0.327000 -0.001209          104.517105"
-matrix  "s001-A 6fo1-A  U(2,.)   0.282615  0.818603  0.500017         -292.429077"
-matrix  "s001-A 6fo1-A  U(3,.)   0.164495  0.472186 -0.866015           69.580414"
-matrix  "s001-A 7aho-C  U(1,.)   0.037422  0.976389  0.212754         -177.835648"
-matrix  "s001-A 7aho-C  U(2,.)  -0.472656 -0.170288  0.864637          -47.223286"
-matrix  "s001-A 7aho-C  U(3,.)   0.880452 -0.132916  0.455124         -152.690979"
-matrix  "s001-A 6k0r-C  U(1,.)   0.858698  0.444194 -0.255598           48.244938"
-matrix  "s001-A 6k0r-C  U(2,.)  -0.511510  0.773576 -0.374083           51.734814"
-matrix  "s001-A 6k0r-C  U(3,.)   0.031560  0.451965  0.891477          -52.868000"
-matrix  "s001-A 7p6x-A  U(1,.)   0.125764 -0.223790 -0.966489          205.304993"
-matrix  "s001-A 7p6x-A  U(2,.)  -0.447414  0.856726 -0.256594          -46.486713"
-matrix  "s001-A 7p6x-A  U(3,.)   0.885440  0.464692  0.007619         -233.556168"
-matrix  "s001-A 4d82-C  U(1,.)   0.614893  0.783890 -0.086154         -213.381363"
-matrix  "s001-A 4d82-C  U(2,.)  -0.783808  0.595452 -0.176304         -167.841248"
-matrix  "s001-A 4d82-C  U(3,.)  -0.086903  0.175936  0.980558           -2.174044"
-matrix  "s001-A 4d82-B  U(1,.)  -0.386873 -0.918146  0.085655          156.908447"
-matrix  "s001-A 4d82-B  U(2,.)  -0.900343  0.396172  0.180086          -71.643288"
-matrix  "s001-A 4d82-B  U(3,.)  -0.199280 -0.007449 -0.979914           -7.452568"
-matrix  "s001-A 3whk-F  U(1,.)  -0.828764  0.546716 -0.119379            7.038857"
-matrix  "s001-A 3whk-F  U(2,.)  -0.364835 -0.366123  0.856066          -39.774292"
-matrix  "s001-A 3whk-F  U(3,.)   0.424317  0.753031  0.502891            1.276268"
-matrix  "s001-A 3whk-C  U(1,.)   0.815908 -0.568424 -0.105777          -55.729290"
-matrix  "s001-A 3whk-C  U(2,.)   0.361221  0.358288  0.860900           10.294364"
-matrix  "s001-A 3whk-C  U(3,.)  -0.451458 -0.740624  0.497657            6.430477"
-matrix  "s001-A 3whk-B  U(1,.)  -0.830415 -0.544352  0.118706          -52.090672"
-matrix  "s001-A 3whk-B  U(2,.)  -0.362667  0.366398 -0.856869            7.928502"
-matrix  "s001-A 3whk-B  U(3,.)   0.422945 -0.754608 -0.501681           10.283744"
-matrix  "s001-A 3whk-G  U(1,.)   0.816907  0.566840  0.106560           -7.896648"
-matrix  "s001-A 3whk-G  U(2,.)   0.361027 -0.358456 -0.860912           52.868790"
-matrix  "s001-A 3whk-G  U(3,.)  -0.449802  0.741756 -0.497470           48.307190"
-matrix  "s001-A 7thj-E  U(1,.)   0.629931  0.195967  0.751521         -211.847687"
-matrix  "s001-A 7thj-E  U(2,.)   0.619731 -0.710049 -0.334310           39.066578"
-matrix  "s001-A 7thj-E  U(3,.)   0.468103  0.676333 -0.568729          -47.264771"
-matrix  "s001-A 6k0r-K  U(1,.)  -0.875286  0.441631 -0.197067          -29.203283"
-matrix  "s001-A 6k0r-K  U(2,.)   0.249289  0.761218  0.598667           27.798748"
-matrix  "s001-A 6k0r-K  U(3,.)   0.414401  0.474878 -0.776377           79.483147"
-matrix  "s001-A 6k0r-F  U(1,.)  -0.872103 -0.447642  0.197618          -44.812859"
-matrix  "s001-A 6k0r-F  U(2,.)   0.254806 -0.760233 -0.597594           18.212263"
-matrix  "s001-A 6k0r-F  U(3,.)   0.417744 -0.470810  0.777064          -75.558815"
-matrix  "s001-A 2cea-B  U(1,.)   0.740518 -0.035659 -0.671090           -0.627762"
-matrix  "s001-A 2cea-B  U(2,.)  -0.239035 -0.947264 -0.213430          117.814606"
